1  1 
2  2 
3  4 
4  4 
5  4 
6  1 
7  5 
8  2 
9  1 
10  2 
11  8 
12  4 
13  4 
14  2 
15  2 
16  3 
17  4  
18  4  
19  6 
20  3 
21  4
22  5
23  3 
24  5 
25  6 
189 9 
190 7
26 1 
27 1 
28 1 
29 1 
30 2 
31 2 
32 2 
33 2 
34 2 
35 2 
36 2 
37 3
38 2 
39 2 
40 2 
41 3 
42 3 
43 3 
44 4 
45 5 
46 5 
47 4 
48 9 
49 5 
50 5 
51 3 
52 7 
53 7 
54 4 
55 2 
56 6 
57 7 
58 6 
60 4 
61 8 
62 7 
63 6 
64 9 
59 1 
65 5 
66 9 
67 4 
152 1 
153 3 
154 2 
155 2 
156 5 
157 1 
158 3 
159 1 
160 6 
161 3 
162 1 
163 4 
193 9
68 1 
69 1 
70 1 
71 1
72 2 
73 2 
74 3 
75 4 
76 4 
77 6 
78 8 
79 7 
80 9 
81 5 
82 6 
191 9 
83 1 
84 4 
85 8 
86 6 
87 5 
88 7 
89 6 
90 5 
91 1 
92 4 
93 5 
94 5 
95 6 
96 6 
97 1 
98 4 
99 1 
100 2 
181 9 
187 5
101 1 
102 4 
103 8 
104 6 
105 5 
106 2 
107 5 
108 6 
109 5 
110 5 
111 3 
112 6 
113 3 
114 1 
115 2 
116 3 
117 4 
195 9 
118 5 
119 4 
120 7 
121 8 
122 6 
123 5 
124 8 
125 5 
126 1
127 6 
128 6 
129 5 
130 5 
131 3
132 1
133 2 
134 1
135 1
136 6 
192 9 
137 6 
138 4 
139 7 
140 7 
141 3 
142 4 
143 7
144 5 
145 2 
146 3 
147 4 
148 3
149 4
150 3 
151 1 
179 9
180 9 
164 1 
165 2
166 3 
167 4 
182 5 
183 7 
184 7 
185 9 
186 3 
188 5 
196 2 
197 4 
198 3 
168 1 
169 2
170 4 
171 6 
172 7 
173 5 
174 4 
175 4 
176 3 
177 3 
178 4 
194 9
199 1
200 5
201 6
202 6
203 2
204 3
205 5
206 4
207 2
208 5
209 4
210 4
211 6
212 4
213 4 
214 5
215 4
216 4
217 5
218 8
219 1
220 1
221 1
222 2
223 2
224 2
225 5
226 3
227 2
228 4
229 5
230 5
231 4
232 2
233 7
234 4
235 1
236 1
237 1 
238 1
239 1
240 2
241 3
242 5
243 5
244 1
245 2
246 4
247 4
248 5
249 3
250 6
251 4
252 5
253 6
254 4
255 1
256 3
257 4
258 2
259 1 
260 1
261 4
262 1
263 2
264 2
265 5
266 3
267 6
268 4
269 4
270 2
271 2
272 2
273 4
274 5
275 5
276 3
277 3
278 7
